%YAML:1.0


cam0:
  T_cam_imu:
    - [0.9999503134010982, -0.008210525600240088, -0.00565314057974402, 0.03401858596820379]
    - [0.008166413249041193, 0.9999363690290244, -0.007782518082063462, -0.009666540579569277]
    - [0.00571667942886698, 0.007735965513079954, 0.9999537361367721, -0.010065461658111069]
    - [0.0, 0.0, 0.0, 1.0]
  cam_overlaps: [1]
  camera_model: pinhole
  distortion_coeffs: [0.0009628709803042068, 0.00023176206608015678, -0.0011889586811723335, 0.00037888037220737284]
  distortion_model: radtan
  intrinsics: [393.00470884685956, 393.7079027559298, 317.7243524762042, 240.86088611627508]
  resolution: [640, 480]
  rostopic: /camera/infra1/image_rect_raw
  timeshift_cam_imu: -0.009719531098886364
cam1:
  T_cam_imu:
    - [0.9999488476438033, -0.007581647280639711, -0.006694827879932505, -0.06120776109883464]
    - [0.007537563059210048, 0.9999499057318281, -0.006585679162898152, -0.009719160815694072]
    - [0.006744422803945874, 0.006534879602576265, 0.9999559030825417, -0.010838406125207879]
    - [0.0, 0.0, 0.0, 1.0]
  cam_overlaps: [1]
  camera_model: pinhole
  distortion_coeffs: [-0.0029587404994404804, 0.007449729274819446, -0.0009634048376014577, 0.0004610448355949063]
  distortion_model: radtan
  intrinsics: [392.41085616673394, 392.9456159391107, 318.13974921962574, 241.05264971741855]
  resolution: [640, 480]
  rostopic: /camera/infra2/image_rect_raw
  timeshift_cam_imu: -0.009724087800550927
  



