%YAML:1.0


cam0:
  T_cam_imu:
    - [0.9999503134010982, -0.008210525600240088, -0.00565314057974402, 0.03401858596820379]
    - [0.008166413249041193, 0.9999363690290244, -0.007782518082063462, -0.009666540579569277]
    - [0.00571667942886698, 0.007735965513079954, 0.9999537361367721, -0.010065461658111069]
    - [0.0, 0.0, 0.0, 1.0]
  cam_overlaps: [1]
  camera_model: pinhole
  distortion_coeffs: [0.0009628709803042068, 0.00023176206608015678, -0.0011889586811723335, 0.00037888037220737284]
  distortion_model: radtan
  intrinsics: [393.00470884685956, 393.7079027559298, 317.7243524762042, 240.86088611627508]
  resolution: [848, 480]
  rostopic: /camera/infra1/image_rect_raw
  timeshift_cam_imu: -0.009719531098886364


